hs.ribo.genes<-c("RPSA", "RPS2", "RPS3", "RPS3A", "RPS4X", "RPS4Y", "RPS5", "RPS6", "RPS7", "RPS8", "RPS9", "RPS10", "RPS11", "RPS12", "RPS13", "RPS14", "RPS15", "RPS15A", "RPS16", "RPS17", "RPS18", "RPS19", "RPS20", "RPS21", "RPS23", "RPS24", "RPS25", "RPS26", "RPS27", "RPS27A", "RPS28", "RPS29", "RPS30", "RPL3", "RPL4", "RPL5", "RPL6", "RPL7", "RPL7A", "RPL8", "RPL9", "RPL10", "RPL10A", "RPL11", "RPL12", "RPL13", "RPL13A", "RPL14", "RPL15", "RPL17", "RPL18", "RPL18A", "RPL19", "RPL21", "RPL22", "RPL23", "RPL23A", "RPL24", "RPL26", "RPL27", "RPL27A", "RPL28", "RPL29", "RPL30", "RPL31", "RPL32", "RPL34", "RPL35", "RPL35A", "RPL36", "RPL36A", "RPL37", "RPL37A", "RPL38", "RPL39", "RPL40", "RPL41", "RPLP0", "RPLP1", "RPLP2", "RPS23")
mm.ribo.genes<-c("Rpsa", "Rps2", "Rps3", "Rps3a", "Rps4x", "Rps5", "Rps6", "Rps7", "Rps8", "Rps9", "Rps10", "Rps11", "Rps12", "Rps13", "Rps14", "Rps15", "Rps15a", "Rps16", "Rps17", "Rps18", "Rps19", "Rps20", "Rps21", "Rps23", "Rps24", "Rps25", "Rps26", "Rps27", "Rps27a", "Rps28", "Rps29", "Rps30", "Rpl3", "Rpl4", "Rpl5", "Rpl6", "Rpl7", "Rpl7a", "Rpl8", "Rpl9", "Rpl10", "Rpl10a", "Rpl11", "Rpl12", "Rpl13", "Rpl13a", "Rpl14", "Rpl15", "Rpl17", "Rpl18", "Rpl18a", "Rpl19", "Rpl21", "Rpl22", "Rpl23", "Rpl23a", "Rpl24", "Rpl26", "Rpl27", "Rpl27a", "Rpl28", "Rpl29", "Rpl30", "Rpl31", "Rpl32", "Rpl34", "Rpl35", "Rpl35a", "Rpl36", "Rpl44", "Rpl37", "Rpl37a", "Rpl38", "Rpl39", "Rpl40", "Rpl41", "Rplp0", "Rplp1", "Rplp2")
